"year","binipolate","avg_p","weighted_avg_p","avg_p_NI","weighted_avg_p_NI","binipolate_NI"
1973,10.5646424935532,10.6066291827002,10.5829246515671,10.6066291827002,10.5829246515671,10.5646424935532
1974,10.8401565845133,10.803644941307,10.9119444787545,10.803644941307,10.9119444787545,10.8401565845133
1975,10.4867402280372,10.6170236781054,10.5618926689438,10.6170236781054,10.5618926689438,10.4867402280372
1976,10.8801275847774,10.8940370257944,10.9733652203664,10.8940370257944,10.9733652203664,10.8801275847774
1977,10.7677228041382,10.8892742926967,10.853459000385,10.8892742926967,10.853459000385,10.7677228041382
1978,11.5386867073756,11.2739121983447,11.3311527206096,11.2739121983447,11.3311527206096,11.5386867073756
1979,11.6358059421053,11.5257758990688,11.5109785730825,11.5109125916846,11.4862062858198,11.6236000815613
1980,10.8501713030795,11.0283158325131,11.0056935888547,10.9851136876551,10.9802435520979,10.8243083497336
1981,10.6900859072704,10.891537915729,10.8714414501744,10.8735946215224,10.8520626924312,10.6647399745349
1982,10.2598851747549,10.4138970293452,10.3706750063799,10.3998764639473,10.3656276028367,10.236306652589
1983,9.92771227572142,10.0679975559621,10.0309971945043,10.0452780471724,10.007628556892,9.88668496985831
1984,9.72641330029739,9.8184636146862,9.78057328673959,9.78418782997923,9.74804245107225,9.67976880956824
1985,9.60620320542025,9.69121637021823,9.6417806230962,9.62231636872026,9.58597166069173,9.55704269633917
1986,9.648717454851,9.73757761954187,9.70022799420765,9.67829250557274,9.64687140435663,9.60729790141858
1987,9.64045940054811,9.61947558559548,9.64069290241313,9.58457046540163,9.59491735335337,9.56654241518889
1988,9.72861734636555,9.61487171956144,9.65229874615348,9.5715449180215,9.6074969896675,9.68670043476754
1989,9.6698021064206,9.71586131748447,9.70578757519313,9.7188738295612,9.70925797545337,9.6681172746788
1990,9.72540489232659,9.77225064651857,9.737051996812,9.78909207919572,9.74463061983402,9.71901058783988
1991,9.88760409857386,10.0079848480116,9.95660434649789,10.0336614028702,9.98781237524952,9.9169677678904
1992,9.97701636487666,9.98836717744684,9.99122102113493,10.0240398266458,10.0468703402773,10.0428341079906
1993,10.1184556340612,9.93721860396796,9.98815734277905,9.95113615315253,10.0123738916331,10.1553122133101
1994,10.0433484878333,9.83819640576246,9.93816887459981,9.83819640576246,9.93816887459981,10.0433484878333
1995,9.93457951947192,9.86918744876004,9.90583839858863,9.85493317858329,9.89655375173995,9.93268959516046
1996,9.81795944866359,9.90077420073778,9.85136037329236,9.95274000389566,9.89766651762729,9.84546878370464
1997,10.1176962580434,10.1829128862148,10.1250820237685,10.2374314461637,10.1807448440137,10.1602034345934
1998,10.7320648668199,10.6691493053899,10.7019132312257,10.6470284397356,10.6738155743184,10.6848886241629
1999,10.9369958559138,10.8850793559709,10.9059296698758,10.9336277734882,10.9528427796641,10.951788910679
2000,10.867248734683,10.9659585498352,10.9237862173792,10.9819719310441,10.93175732353,10.8758601045908
2001,11.2069370322225,11.236207304705,11.2297745187239,11.2611951858777,11.2567614303904,11.2223079471038
2002,11.5570131176172,11.3573980430871,11.4178749379324,11.3687516457683,11.428093196587,11.5674147299708
2003,11.50954412592,11.3252740945423,11.3846244195992,11.3138955173,11.3764318439847,11.493497976528
2004,11.3061451507339,11.2685050797151,11.2967619357614,11.2299145814002,11.266956410499,11.2939059427635
2005,11.0313407838496,11.0170134948267,11.0256950646037,10.9840634285902,10.9943816757346,11.019525340389
2006,10.9640619866046,11.0403812658951,11.0332911082911,11.0170006059322,11.009437725218,10.9040205448313
2007,11.1529443388606,11.1622087343711,11.1835482510691,11.1540011966396,11.1717293967358,11.1312896766901
2008,11.2776544337279,11.1232851758494,11.1658372407494,11.1359306493023,11.1703896111925,11.2728208743044
2009,11.3775422871189,11.3068762083405,11.3320310560186,11.2897579456577,11.3173502346247,11.3722920380626
2010,11.2782775093575,11.2854137526705,11.283540635903,11.2332206058014,11.2356010091483,11.244503197366
2011,10.9962397201865,11.080295333153,11.0681939867141,11.031398357896,11.021675004694,10.9727180667906
2012,10.8107550127603,10.920778185603,10.8767128005888,10.8755867403092,10.8548431002704,10.7904042347796
2013,10.8813665195976,10.9668452609053,10.924649780661,10.9104518743609,10.8768812532091,10.7752519576439
2014,10.980244054865,10.9828332920262,10.9828332920262,10.9699122897762,10.9642270487862,10.941960006842
2015,11.4906920195889,11.3552466072195,11.4004580520702,11.355260958596,11.4004683850613,11.500138486426
2016,11.5877533347516,11.7225362754101,11.7103680174491,11.7459293915052,11.7381794320401,11.6095653156041
2017,12.078701591672,11.9010847204139,11.9903082535865,11.9117906216156,11.9941623780191,12.1276106450764
2018,12.1342064389721,11.9858779223044,12.0379463341531,12.0589427284459,12.0864267334458,12.1508562040611
2019,12.0468880573517,12.2089099230034,12.204131246384,12.3201157906403,12.2895645601082,12.0793674111204
2020,13.0010739071499,12.9704356391806,12.9698588617433,13.1087326839867,13.142815388965,13.0895821353743
2021,13.2174366329148,12.9238971880964,12.9969912083384,13.123496403159,13.1920211762951,13.4242323786224
2022,13.1056861972551,13.1088395711074,13.0923521627462,13.3876402725424,13.3957713252945,13.4624199222926
2023,13.6923950688856,13.5419567955865,13.5670288848877,13.7179444630941,13.7738400268555,13.9423856739929
